Data set: Z:/NMRData/2023NMRData2023/NMRDataFeb2023/Feb012023_HRMAS_LuCa_AD/12/pdata/1/

Fit type: Mixed Lorentzian and Gaussian

Fit        Frequency             Width        Intensity       Area     %Lor.
         ppm        Hz        ppm         Hz                           chisq

  1                                                                 7.1e+013

        4.324   2594.95    0.04241     25.451      0.021      1.913    100.00
STD:    0.009      5.46    0.08779     52.683      0.042

        4.255   2553.16    0.12465     74.800      0.038     10.144    100.00
STD:    0.240    143.89    0.82772    496.701      2.035

        4.249   2549.73    0.10266     61.602      0.008      1.753    100.00
STD:    0.703    422.07    3.15866   1895.460      2.035

        4.239   2543.52    0.01297      7.782      0.016      0.455    100.00
STD:    0.004      2.27    0.02261     13.565      0.018

        4.138   2482.98    0.02536     15.217      0.074      4.004    100.00
STD:    0.002      1.46    0.00811      4.867      0.011

        4.125   2475.33    0.00655      3.934      0.154      2.168    100.00
STD:    0.000      0.17    0.00134      0.803      0.017

        4.113   2468.15    0.00626      3.756      0.147      1.973    100.00
STD:    0.000      0.16    0.00095      0.571      0.013

        4.100   2460.14    0.00510      3.063      0.037      0.405    100.00
STD:    0.001      0.56    0.00317      1.903      0.013

        4.044   2426.87    0.13931     83.599      0.098     29.374    100.00
STD:    0.003      1.92    0.01843     11.062      0.007


  2                                                                 5.8e+014

        3.924   2354.45    0.12568     75.418      0.324     87.106    100.00
STD:    0.004      2.17    0.00745      4.470      0.009

        3.908   2345.04    0.00804      4.824      0.717     12.336    100.00
STD:    0.000      0.04    0.00035      0.210      0.016

        3.887   2332.69    0.00887      5.322      0.967     18.371    100.00
STD:    0.000      0.03    0.00030      0.180      0.019

        3.871   2323.00    0.00766      4.595      0.201      3.295    100.00
STD:    0.000      0.18    0.00122      0.729      0.018

        3.862   2317.77    0.00496      2.976      0.097      1.035    100.00
STD:    0.000      0.28    0.00181      1.088      0.018

        3.848   2308.83    0.01344      8.063      0.416     11.982    100.00
STD:    0.000      0.12    0.00090      0.542      0.016

        3.829   2297.44    0.01401      8.408      1.053     31.605    100.00
STD:    0.000      0.05    0.00038      0.228      0.013

        3.813   2288.10    0.00981      5.884      0.307      6.449    100.00
STD:    0.000      0.13    0.00085      0.508      0.014

        3.779   2267.83    0.01986     11.920      0.689     29.312    100.00
STD:    0.000      0.22    0.00086      0.514      0.016

        3.771   2262.88    0.00478      2.866      0.298      3.045    100.00
STD:    0.000      0.10    0.00082      0.494      0.029

        3.762   2257.45    0.00891      5.348      0.584     11.142    100.00
STD:    0.000      0.08    0.00065      0.390      0.018

        3.752   2251.49    0.00872      5.234      0.490      9.161    100.00
STD:    0.000      0.09    0.00066      0.395      0.017

        3.736   2242.15    0.01083      6.500      0.670     15.540    100.00
STD:    0.000      0.09    0.00058      0.350      0.016

        3.725   2235.61    0.00900      5.399      0.694     13.375    100.00
STD:    0.000      0.09    0.00075      0.449      0.033

        3.716   2230.17    0.01099      6.597      0.514     12.096    100.00
STD:    0.000      0.15    0.00120      0.720      0.026

        3.705   2223.51    0.00784      4.702      1.476     24.774    100.00
STD:    0.000      0.03    0.00018      0.107      0.018

        3.690   2214.12    0.00743      4.459      0.450      7.166    100.00
STD:    0.000      0.07    0.00039      0.233      0.013

        3.666   2199.62    0.01563      9.376      0.186      6.208    100.00
STD:    0.000      0.28    0.00195      1.171      0.012

        3.640   2184.31    0.03130     18.784      0.142      9.509    100.00
STD:    0.001      0.67    0.00516      3.095      0.008

        3.605   2163.12    0.01908     11.447      0.236      9.657    100.00
STD:    0.000      0.25    0.00226      1.354      0.014

        3.605   2163.31    0.00110      0.660      0.000      0.001    100.00
STD:    0.084     50.12    0.18445    110.683      0.031

        3.567   2140.62    0.03141     18.850      0.273     18.341    100.00
STD:    0.001      0.51    0.00325      1.951      0.008

        3.553   2131.86    0.00606      3.635      0.259      3.358    100.00
STD:    0.000      0.11    0.00089      0.533      0.020

        3.537   2122.62    0.01361      8.165      0.594     17.301    100.00
STD:    0.000      0.09    0.00066      0.395      0.014

        3.520   2112.13    0.01612      9.676      0.519     17.925    100.00
STD:    0.000      0.12    0.00076      0.454      0.011

        3.497   2098.38    0.00913      5.478      0.562     10.988    100.00
STD:    0.000      0.06    0.00039      0.232      0.012

        3.481   2089.12    0.00789      4.737      1.147     19.396    100.00
STD:    0.000      0.03    0.00020      0.121      0.014

        3.465   2079.51    0.01600      9.601      1.085     37.162    100.00
STD:    0.000      0.06    0.00050      0.302      0.013

        3.449   2069.80    0.01609      9.656      0.544     18.751    100.00
STD:    0.000      0.13    0.00075      0.453      0.015

        3.422   2053.42    0.00946      5.675      0.447      9.050    100.00
STD:    0.000      0.08    0.00052      0.309      0.012

        3.408   2045.02    0.00944      5.666      1.358     27.466    100.00
STD:    0.000      0.03    0.00019      0.111      0.012

        3.393   2036.13    0.00780      4.682      1.124     18.784    100.00
STD:    0.000      0.03    0.00017      0.101      0.013

        3.378   2026.86    0.00479      2.873      0.293      3.003    100.00
STD:    0.000      0.08    0.00043      0.257      0.016

        3.343   2005.84    0.02181     13.091      0.139      6.482    100.00
STD:    0.001      0.40    0.00337      2.025      0.012

        3.293   1976.23    0.06978     41.871      0.246     36.733    100.00
STD:    0.002      1.20    0.00914      5.482      0.009

        3.262   1957.75    0.01716     10.297      0.439     16.136    100.00
STD:    0.000      0.17    0.00149      0.897      0.022

        3.250   1950.03    0.00786      4.719      0.890     14.993    100.00
STD:    0.000      0.04    0.00030      0.182      0.017

        3.236   1941.92    0.00824      4.942      1.336     23.557    100.00
STD:    0.000      0.03    0.00019      0.115      0.015

        3.221   1932.69    0.02026     12.155      1.530     66.372    100.00
STD:    0.000      0.05    0.00028      0.169      0.011

        3.139   1883.84    0.00639      3.837      0.048      0.657    100.00
STD:    0.001      0.57    0.00317      1.901      0.014

        3.095   1857.08    0.13932     83.601      0.071     21.154    100.00
STD:    0.006      3.63    0.02399     14.397      0.005

        3.026   1815.80    0.01708     10.252      0.371     13.583    100.00
STD:    0.000      0.13    0.00088      0.526      0.010

        3.002   1801.73    0.01151      6.904      0.079      1.942    100.00
STD:    0.001      0.50    0.00328      1.970      0.011

        2.940   1764.52    0.08066     48.401      0.000      0.010    100.00
STD:   39.688  23816.32   54.80685  32888.649      0.099

        2.910   1746.47    0.05866     35.200      0.029      3.588    100.00
STD:    0.035     20.83    0.09734     58.413      0.114

        2.819   1691.83    0.04399     26.399      0.032      2.984    100.00
STD:    0.007      4.37    0.02522     15.131      0.008

        2.789   1673.47    0.02020     12.119      0.029      1.269    100.00
STD:    0.004      2.22    0.01743     10.457      0.013

        2.754   1652.40    0.04078     24.474      0.090      7.854    100.00
STD:    0.002      1.13    0.00727      4.361      0.006

        2.704   1622.89    0.01531      9.186      0.022      0.720    100.00
STD:    0.004      2.11    0.01331      7.988      0.010

        2.676   1605.64    0.02267     13.605      0.030      1.479    100.00
STD:    0.003      1.97    0.01332      7.995      0.008

        2.633   1580.02    0.03548     21.289      0.029      2.189    100.00
STD:    0.004      2.62    0.01551      9.310      0.006

        2.550   1530.39    0.03425     20.556      0.037      2.729    100.00
STD:    0.004      2.42    0.01545      9.269      0.010

        2.504   1502.47    0.05133     30.801      0.041      4.559    100.00
STD:    0.006      3.70    0.03355     20.130      0.010

        2.460   1476.25    0.03242     19.456      0.090      6.227    100.00
STD:    0.003      1.53    0.01318      7.908      0.014

        2.445   1467.01    0.00655      3.930      0.174      2.447    100.00
STD:    0.000      0.17    0.00143      0.858      0.021

        2.431   1458.82    0.00773      4.640      0.204      3.374    100.00
STD:    0.000      0.16    0.00102      0.611      0.015

        2.418   1450.77    0.00677      4.061      0.093      1.344    100.00
STD:    0.001      0.32    0.00199      1.194      0.015

        2.405   1442.90    0.00674      4.044      0.047      0.685    100.00
STD:    0.001      0.64    0.00397      2.381      0.014

        2.393   1435.72    0.00782      4.690      0.026      0.442    100.00
STD:    0.002      1.25    0.00812      4.876      0.014

        2.354   1412.49    0.06459     38.760      0.075     10.346    100.00
STD:    0.016      9.65    0.02188     13.128      0.048

        2.337   1402.20    0.02375     14.252      0.028      1.441    100.00
STD:    0.005      3.23    0.04041     24.250      0.055

        2.264   1358.33    0.07675     46.058      0.131     21.576    100.00
STD:    0.002      1.38    0.01318      7.908      0.012

        2.224   1334.51    0.00110      0.660      0.000      0.000    100.00
STD:    0.258    154.72    0.43673    262.072      0.028

        2.131   1278.52    0.03473     20.843      0.230     17.096    100.00
STD:    0.004      2.29    0.01735     10.409      0.261

        2.123   1273.69    0.12465     74.800      0.020      5.451    100.00
STD:    3.464   2078.56    5.80260   3482.039     10.704

        2.111   1266.89    0.09851     59.116      0.096     20.326    100.00
STD:    0.590    354.06    1.59707    958.372     10.866

        2.032   1219.39    0.05699     34.198      0.509     62.164    100.00
STD:    0.001      0.54    0.00348      2.088      0.028


  3                                                                 3.3e+013

        1.908   1144.80    0.07539     45.242      0.189     30.561    100.00
STD:    0.001      0.47    0.00276      1.653      0.004


  4                                                                 5.6e+013

        1.791   1074.64    0.07332     43.999      0.031      4.885    100.00
STD:    0.003      2.07    0.01295      7.772      0.003

        1.713   1027.72    0.05377     32.264      0.235     27.005    100.00
STD:    0.000      0.22    0.00165      0.989      0.003

        1.653    991.75    0.02933     17.600      0.009      0.549    100.00
STD:    0.006      3.75    0.02393     14.362      0.004

        1.576    945.68    0.04399     26.400      0.104      9.772    100.00
STD:    0.001      0.42    0.00389      2.333      0.006

        1.508    905.19    0.02200     13.199      0.048      2.254    100.00
STD:    0.002      1.34    0.00839      5.035      0.017

        1.488    893.20    0.02481     14.890      0.084      4.480    100.00
STD:    0.001      0.83    0.00930      5.578      0.013

        1.475    885.37    0.00664      3.985      0.524      7.453    100.00
STD:    0.000      0.03    0.00029      0.176      0.015

        1.463    877.90    0.00586      3.518      0.460      5.773    100.00
STD:    0.000      0.03    0.00021      0.126      0.009

        1.453    871.67    0.00029      0.176      0.000      0.000    100.00
STD:    0.155     93.01    2.32767   1396.796      3.713

        1.425    854.88    0.05655     33.932      0.158     19.191    100.00
STD:    0.002      1.01    0.01274      7.647      0.063

        1.384    830.36    0.02200     13.199      0.010      0.456    100.00
STD:    0.006      3.83    0.05832     34.997      0.028

        1.374    824.44    0.15508     93.063      0.133     44.220    100.00
STD:    0.064     38.22    0.04032     24.196      0.189

        1.331    798.85    0.08200     49.209      0.660    115.918    100.00
STD:    0.003      1.77    0.01701     10.209      0.189

        1.331    798.61    0.00710      4.259      0.769     11.683    100.00
STD:    0.000      0.02    0.00021      0.128      0.016

        1.319    791.69    0.00932      5.592      0.812     16.209    100.00
STD:    0.000      0.03    0.00030      0.178      0.022

        1.300    779.99    0.01466      8.800      0.179      5.613    100.00
STD:    0.000      0.21    0.00216      1.297      0.025

        1.279    767.58    0.03497     20.982      0.672     50.332    100.00
STD:    0.000      0.13    0.00094      0.565      0.025

        1.244    746.26    0.00960      5.762      0.021      0.435    100.00
STD:    0.001      0.83    0.00536      3.215      0.006

        1.216    729.78    0.00073      0.440      0.000      0.000    100.00
STD:    0.160     95.89    0.18029    108.187      0.019

        1.161    696.59    0.01618      9.708      0.034      1.186    100.00
STD:    0.001      0.65    0.00394      2.367      0.005


  5                                                                 1.3e+014

        1.064    638.64    0.04399     26.400      0.139     13.053    100.00
STD:    0.002      1.07    0.00516      3.099      0.007

        1.040    624.36    0.00781      4.685      0.476      7.966    100.00
STD:    0.000      0.09    0.00059      0.356      0.018

        1.029    617.21    0.00736      4.415      0.456      7.192    100.00
STD:    0.000      0.09    0.00054      0.325      0.017

        1.009    605.55    0.01252      7.511      0.216      5.791    100.00
STD:    0.001      0.33    0.00200      1.198      0.016

        0.997    598.08    0.00981      5.886      0.224      4.713    100.00
STD:    0.000      0.25    0.00188      1.129      0.018

        0.983    590.09    0.00806      4.838      0.510      8.799    100.00
STD:    0.000      0.09    0.00063      0.376      0.017

        0.971    582.79    0.00886      5.316      0.466      8.850    100.00
STD:    0.000      0.11    0.00089      0.532      0.024

        0.954    572.52    0.02193     13.159      0.481     22.596    100.00
STD:    0.001      0.35    0.00293      1.759      0.018

        0.942    565.37    0.00768      4.608      0.196      3.218    100.00
STD:    0.000      0.26    0.00227      1.364      0.039

        0.931    558.62    0.00763      4.578      0.170      2.782    100.00
STD:    0.000      0.25    0.00164      0.983      0.019

        0.920    552.18    0.00357      2.141      0.054      0.413    100.00
STD:    0.001      0.47    0.00270      1.623      0.024

        0.885    531.02    0.05869     35.221      0.594     74.670    100.00
STD:    0.001      0.60    0.00185      1.112      0.018

        0.860    516.31    0.02200     13.199      0.094      4.417    100.00
STD:    0.002      0.92    0.00836      5.016      0.025

        0.796    477.79    0.00029      0.176      0.000      0.000    100.00
STD:    2.706   1624.00   57.34207  34409.990      8.486

