H
#frequency    half width   %gauss/100.
2593.190       3.52            0.0
2554.049       7.48            0.0
2546.649       6.16            0.0
2541.537       3.96            0.0
2482.469       7.92            0.0
2475.224       8.36            0.0
2468.111       7.04            0.0
2460.470       8.36            0.0
2431.054       8.36            0.0
2358.309       8.36            0.0
2344.798       8.36            0.0
2332.592       7.04            0.0
2323.109       6.16            0.0
2317.436       4.84            0.0
2309.009       9.68            0.0
2297.206       12.32           0.0
2288.529       8.80            0.0
2268.043       8.80            0.0
2262.999       5.28            0.0
2257.082       6.60            0.0
2251.567       5.72            0.0
2241.335       9.24            0.0
2235.194       6.16            0.0
2228.853       2.64            0.0
2223.270       6.60            0.0
2214.427       6.16            0.0
2199.979       6.16            0.0
2184.463       2.64            0.0
2164.136       10.12           0.0
2160.013       6.60            0.0
2139.081       3.08            0.0
2130.732       7.92            0.0
2122.936       6.60            0.0
2113.163       4.84            0.0
2097.583       9.68            0.0
2088.442       6.60            0.0
2078.919       8.36            0.0
2068.604       6.16            0.0
2052.604       9.68            0.0
2044.638       6.60            0.0
2035.782       6.60            0.0
2026.864       5.72            0.0
2006.904       4.40            0.0
1979.974       7.48            0.0
1956.852       11.88           0.0
1949.438       7.92            0.0
1941.308       9.24            0.0
1933.332       10.56           0.0
1883.204       7.04            0.0
1861.265       8.36            0.0
1815.842       5.28            0.0
1801.653       7.48            0.0
1766.940       4.84            0.0
1748.227       3.52            0.0
1690.514       2.64            0.0
1673.335       4.40            0.0
1653.805       3.08            0.0
1621.133       3.52            0.0
1605.804       4.84            0.0
1576.497       7.04            0.0
1531.018       3.08            0.0
1501.550       3.08            0.0
1474.710       7.48            0.0
1467.046       7.48            0.0
1458.469       7.92            0.0
1450.448       7.48            0.0
1442.499       7.48            0.0
1435.910       1.76            0.0
1416.449       7.92            0.0
1403.077       1.76            0.0
1361.727       7.48            0.0
1331.206       6.60            0.0
1284.236       11.44           0.0
1277.431       7.48            0.0
1271.513       9.24            0.0
1217.996       21.57           0.0
1142.666       4.84            0.0
1072.442       4.40            0.0
1027.556       8.80            0.0
992.632        1.76            0.0
944.356        2.64            0.0
904.529        1.32            0.0
890.785        4.84            0.0
884.970        7.04            0.0
877.202        6.60            0.0
872.550        1.76            0.0
857.962        6.16            0.0
829.697        1.32            0.0
817.844        13.20           0.0
809.639        21.57           0.0
798.174        11.44           0.0
791.880        13.64           0.0
779.551        0.88            0.0
767.976        17.17           0.0
744.904        10.12           0.0
727.581        4.40            0.0
699.280        6.60            0.0
637.317        2.64            0.0
623.758        6.16            0.0
617.063        6.60            0.0
604.686        9.24            0.0
597.610        6.60            0.0
589.305        8.80            0.0
582.194        7.48            0.0
571.681        7.92            0.0
565.875        7.04            0.0
558.786        6.60            0.0
551.557        3.08            0.0
531.130        29.93           0.0
516.965        1.32            0.0
478.672        1.76            0.0
